0
0
0
0
0
0
0
1
1
1
2
3
4
5
7
10
13
17
22
28
35
42
52
66
83
101
120
146
174
204
236
268
310
353
409
469
541
620
700
801
901
1003
1164
1364
1568
1844
2179
2630
3192
3777
4386
5093
5826
6561
7304
8058
8814
9586
10373
11168
11999
12850
13715
14989
16367
17797
19325
21462
23673
26911
30583
34362
38165
42310
46603
51028
55512
60145
65404
70745
76122
82411
89849
97968
107701
117805
128989
140351
151735
163120
174653
187537
200589
214411
228289
244102
260402
281340
303186
329483
365054
402252
443924
489244
543898
598876
683596
773738
900239
1046658
1242122
1472666
14689309
