1506697236
8920
11485
243601
771
583
4896
156992
5
11484
3689
0
418578
1295181
94723
1858178
145287
1468821
848
847972
80535
23331
4750565
504428
1551
414
11558
2997777
716924
925593
1487950
528159
155
489445
38221
1274987
174135
1802704
4240632
1109501
22719
86143
252163
66694
608916
6230606
3364
369094
163091
20
1151
84788
433605
18411
57
51434
612947
511223
9162
83625
89675
3163
430776
37
2965
43
9658089
599472
108
85907
97016
1575654
25
95
83702
1992
2387020
26282033
14421144
8268
10276206
6827
31432
472497
23
1297952
1297779
16691776
1314711
3702
64013
2490438
699
6
1582057
323
6
69476
90621
5166463
98618
1151894
2258
6267448
356
22282904
224
53
1963
4055088
8
6345
4769
88111
