5
6
6
8
20
23
25
37
43
53
57
95
108
155
224
323
356
414
583
699
771
848
1151
1551
1963
1992
2258
2965
3163
3364
3689
3702
4769
4896
6345
6827
8268
8920
9162
11484
11485
11558
18411
22719
23331
31432
38221
51434
64013
66694
69476
80535
83625
83702
84788
85907
86143
88111
89675
90621
94723
97016
98618
145287
156992
163091
174135
243601
252163
369094
418578
430776
433605
472497
489445
504428
511223
528159
599472
608916
612947
716924
847972
925593
1109501
1151894
1274987
1295181
1297779
1297952
1314711
1468821
1487950
1575654
1582057
1802704
1858178
2387020
2490438
2997777
4055088
4240632
4750565
5166463
6230606
6267448
9658089
10276206
14421144
16691776
22282904
26282033
