1506697236
1506706156
1506717641
1506961242
1506962013
1506962596
1506967492
1507124484
1507124489
1507135973
1507139662
1507139662
1507558240
1508853421
1508948144
1510806322
1510951609
1512420430
1512421278
1513269250
1513349785
1513373116
1518123681
1518628109
1518629660
1518630074
1518641632
1521639409
1522356333
1523281926
1524769876
1525298035
1525298190
1525787635
1525825856
1527100843
1527274978
1529077682
1533318314
1534427815
1534450534
1534536677
1534788840
1534855534
1535464450
1541695056
1541698420
1542067514
1542230605
1542230625
1542231776
1542316564
1542750169
1542768580
1542768637
1542820071
1543433018
1543944241
1543953403
1544037028
1544126703
1544129866
1544560642
1544560679
1544563644
1544563687
1554221776
1554821248
1554821356
1554907263
1555004279
1556579933
1556579958
1556580053
1556663755
1556665747
1559052767
1585334800
1599755944
1599764212
1610040418
1610047245
1610078677
1610551174
1610551197
1611849149
1613146928
1629838704
1631153415
1631157117
1631221130
1633711568
1633712267
1633712273
1635294330
1635294653
1635294659
1635364135
1635454756
1640621219
1640719837
1641871731
1641873989
1648141437
1648141793
1670424697
1670424921
1670424974
1670426937
1674482025
1674482033
1674488378
1674493147
1674581258
